%YAML:1.0
cameraMatrix: !!opencv-matrix
   rows: 3
   cols: 3
   dt: d
   data: [ 4.6323061578984630e+02, 0., 3.2827705083140199e+02, 0.,
       4.6447549204031594e+02, 2.4206585876644715e+02, 0., 0., 1. ]
distCoeffs: !!opencv-matrix
   rows: 5
   cols: 1
   dt: d
   data: [ -1.4310935418132742e-01, 8.2892509611797970e-03,
       2.2790855251337847e-04, 2.0511681183905369e-03, -3.350986708736358e-03 ]
