%YAML:1.0
aruco_bc_nmarkers: 18
aruco_bc_mInfoType: 1
aruco_bc_markers:
   - { id:0, corners:[ [ -8.1249997019767761e-02,
       -1.1374999582767487e-01, 0. ], [ -4.8749998211860657e-02,
       -1.1374999582767487e-01, 0. ], [ -4.8749998211860657e-02,
       -8.1249997019767761e-02, 0. ], [ -8.1249997019767761e-02,
       -8.1249997019767761e-02, 0. ] ] }
   - { id:4, corners:[ [ -1.6249999403953552e-02,
       -1.1374999582767487e-01, 0. ], [ 1.6249999403953552e-02,
       -1.1374999582767487e-01, 0. ], [ 1.6249999403953552e-02,
       -8.1249997019767761e-02, 0. ], [ -1.6249999403953552e-02,
       -8.1249997019767761e-02, 0. ] ] }
   - { id:8, corners:[ [ 4.8749998211860657e-02, -1.1374999582767487e-01,
       0. ], [ 8.1249997019767761e-02, -1.1374999582767487e-01, 0. ], [
       8.1249997019767761e-02, -8.1249997019767761e-02, 0. ], [
       4.8749998211860657e-02, -8.1249997019767761e-02, 0. ] ] }
   - { id:12, corners:[ [ -4.8749998211860657e-02,
       -8.1249997019767761e-02, 0. ], [ -1.6249999403953552e-02,
       -8.1249997019767761e-02, 0. ], [ -1.6249999403953552e-02,
       -4.8749998211860657e-02, 0. ], [ -4.8749998211860657e-02,
       -4.8749998211860657e-02, 0. ] ] }
   - { id:16, corners:[ [ 1.6249999403953552e-02,
       -8.1249997019767761e-02, 0. ], [ 4.8749998211860657e-02,
       -8.1249997019767761e-02, 0. ], [ 4.8749998211860657e-02,
       -4.8749998211860657e-02, 0. ], [ 1.6249999403953552e-02,
       -4.8749998211860657e-02, 0. ] ] }
   - { id:20, corners:[ [ -8.1249997019767761e-02,
       -4.8749998211860657e-02, 0. ], [ -4.8749998211860657e-02,
       -4.8749998211860657e-02, 0. ], [ -4.8749998211860657e-02,
       -1.6249999403953552e-02, 0. ], [ -8.1249997019767761e-02,
       -1.6249999403953552e-02, 0. ] ] }
   - { id:24, corners:[ [ -1.6249999403953552e-02,
       -4.8749998211860657e-02, 0. ], [ 1.6249999403953552e-02,
       -4.8749998211860657e-02, 0. ], [ 1.6249999403953552e-02,
       -1.6249999403953552e-02, 0. ], [ -1.6249999403953552e-02,
       -1.6249999403953552e-02, 0. ] ] }
   - { id:28, corners:[ [ 4.8749998211860657e-02,
       -4.8749998211860657e-02, 0. ], [ 8.1249997019767761e-02,
       -4.8749998211860657e-02, 0. ], [ 8.1249997019767761e-02,
       -1.6249999403953552e-02, 0. ], [ 4.8749998211860657e-02,
       -1.6249999403953552e-02, 0. ] ] }
   - { id:32, corners:[ [ -4.8749998211860657e-02,
       -1.6249999403953552e-02, 0. ], [ -1.6249999403953552e-02,
       -1.6249999403953552e-02, 0. ], [ -1.6249999403953552e-02,
       1.6249999403953552e-02, 0. ], [ -4.8749998211860657e-02,
       1.6249999403953552e-02, 0. ] ] }
   - { id:36, corners:[ [ 1.6249999403953552e-02,
       -1.6249999403953552e-02, 0. ], [ 4.8749998211860657e-02,
       -1.6249999403953552e-02, 0. ], [ 4.8749998211860657e-02,
       1.6249999403953552e-02, 0. ], [ 1.6249999403953552e-02,
       1.6249999403953552e-02, 0. ] ] }
   - { id:40, corners:[ [ -8.1249997019767761e-02,
       1.6249999403953552e-02, 0. ], [ -4.8749998211860657e-02,
       1.6249999403953552e-02, 0. ], [ -4.8749998211860657e-02,
       4.8749998211860657e-02, 0. ], [ -8.1249997019767761e-02,
       4.8749998211860657e-02, 0. ] ] }
   - { id:44, corners:[ [ -1.6249999403953552e-02,
       1.6249999403953552e-02, 0. ], [ 1.6249999403953552e-02,
       1.6249999403953552e-02, 0. ], [ 1.6249999403953552e-02,
       4.8749998211860657e-02, 0. ], [ -1.6249999403953552e-02,
       4.8749998211860657e-02, 0. ] ] }
   - { id:48, corners:[ [ 4.8749998211860657e-02, 1.6249999403953552e-02,
       0. ], [ 8.1249997019767761e-02, 1.6249999403953552e-02, 0. ], [
       8.1249997019767761e-02, 4.8749998211860657e-02, 0. ], [
       4.8749998211860657e-02, 4.8749998211860657e-02, 0. ] ] }
   - { id:52, corners:[ [ -4.8749998211860657e-02,
       4.8749998211860657e-02, 0. ], [ -1.6249999403953552e-02,
       4.8749998211860657e-02, 0. ], [ -1.6249999403953552e-02,
       8.1249997019767761e-02, 0. ], [ -4.8749998211860657e-02,
       8.1249997019767761e-02, 0. ] ] }
   - { id:56, corners:[ [ 1.6249999403953552e-02, 4.8749998211860657e-02,
       0. ], [ 4.8749998211860657e-02, 4.8749998211860657e-02, 0. ], [
       4.8749998211860657e-02, 8.1249997019767761e-02, 0. ], [
       1.6249999403953552e-02, 8.1249997019767761e-02, 0. ] ] }
   - { id:60, corners:[ [ -8.1249997019767761e-02,
       8.1249997019767761e-02, 0. ], [ -4.8749998211860657e-02,
       8.1249997019767761e-02, 0. ], [ -4.8749998211860657e-02,
       1.1374999582767487e-01, 0. ], [ -8.1249997019767761e-02,
       1.1374999582767487e-01, 0. ] ] }
   - { id:64, corners:[ [ -1.6249999403953552e-02,
       8.1249997019767761e-02, 0. ], [ 1.6249999403953552e-02,
       8.1249997019767761e-02, 0. ], [ 1.6249999403953552e-02,
       1.1374999582767487e-01, 0. ], [ -1.6249999403953552e-02,
       1.1374999582767487e-01, 0. ] ] }
   - { id:68, corners:[ [ 4.8749998211860657e-02, 8.1249997019767761e-02,
       0. ], [ 8.1249997019767761e-02, 8.1249997019767761e-02, 0. ], [
       8.1249997019767761e-02, 1.1374999582767487e-01, 0. ], [
       4.8749998211860657e-02, 1.1374999582767487e-01, 0. ] ] }
